Abs
.010
.009
.007
.005
.003
.001
.000
-.001
.000
-.001
.000
.001
.002
.002
.004
.005
.006
.007
.008
.010
.012
.013
.014
.016
.018
.020
.025
.028
.030
.031
.033
.036
.038
.038
.042
.044
.045
.046
.050
.051
.053
.056
.058
.060
.062
.064
.065
.067
.068
.070
.069
.070
.071
.071
.072
.072
.073
.073
.075
.076
.078
.081
.083
.087
.092
.096
.103
.107
.115
.122
.130
.139
.149
.162
.170
.184
.195
.210
.224
.236
.253
.265
.279
.300
.315
.334
.352
.378
.405
.430
.457
.491
.533
.570
.614
.658
.702
.755
.806
.848
.889
.926
.971
.998
1.017
1.032
1.040
1.041
1.037
1.033
1.027
1.026
1.028
1.036
1.051
1.067
1.093
1.130
1.173
1.213
1.256
1.312
1.369
1.426
1.470
1.527
1.574
1.615
1.655
1.681
1.702
1.713
1.702
1.670
1.613
1.544
1.418
1.306
1.151
1.016
.882
.751
.621
.514
.422
.358
.293
.241
.199
.169
.138
.117
.101
.085
.075
.065
.055
.049
.046
.042
.037